League table (common effects model):
                                                                                                  
       Combination      0.98 (0.71; 1.35)    0.91 (0.85; 0.99)                 .                 .
 0.90 (0.72; 1.13) Hypertonic Crystalloid    1.01 (0.74; 1.37) 1.12 (0.24; 5.18) 1.23 (1.06; 1.43)
 0.91 (0.85; 0.99)      1.01 (0.81; 1.26) Isotonic Crystalloid 1.50 (1.37; 1.65) 1.03 (0.70; 1.49)
 1.37 (1.22; 1.55)      1.52 (1.20; 1.93)    1.50 (1.37; 1.65)   Natural Colloid 0.88 (0.44; 1.78)
 1.10 (0.87; 1.39)      1.22 (1.06; 1.40)    1.20 (0.95; 1.52) 0.80 (0.62; 1.02) Synthetic Colloid

League table (random effects model):
                                                                                                  
       Combination      0.98 (0.53; 1.78)    0.88 (0.66; 1.19)                 .                 .
 0.93 (0.57; 1.52) Hypertonic Crystalloid    0.95 (0.49; 1.82) 1.12 (0.19; 6.78) 1.23 (0.47; 3.22)
 0.87 (0.65; 1.17)      0.94 (0.58; 1.51) Isotonic Crystalloid 1.44 (0.98; 2.11) 1.10 (0.66; 1.85)
 1.27 (0.80; 2.02)      1.36 (0.77; 2.43)    1.45 (1.01; 2.10)   Natural Colloid 0.86 (0.35; 2.14)
 1.06 (0.63; 1.79)      1.14 (0.64; 2.03)    1.22 (0.77; 1.91) 0.84 (0.49; 1.43) Synthetic Colloid